height: 1024
width: 1280
distortion_model: plumb_bob
D: [-0.5491428370275668, 0.16725522192878853, -0.00047139342588118505, -0.00041515624867566754, 0.09118443770846424]
K: [1548.185938686506, 0.0, 630.1389021556922, 0.0, 1547.5525186161094, 513.4428270914567, 0.0, 0.0, 1.0]
R: [0.9979601156542682, 0.0008735472355229802, 0.06383450852436164, -0.0007975276356287468, 0.999998942212315, -0.0012163568233050691, -0.06383550354614505, 0.001162965811407428, 0.9979597567024091]
P: [1446.384783714156, 0.0, 514.1576089848288, 0.0, 0.0, 1446.384783714156, 515.8360558352557, 0.0, 0.0, 0.0, 1.0, 0.0]
binning_x: 0
binning_y: 0
roi: 
  x_offset: 0
  y_offset: 0
  height: 0
  width: 0
  do_rectify: False
