height: 1024
width: 1280
distortion_model: plumb_bob
D: [-0.5517287256858968, 0.17767991617274456, -0.0007698298561538186, 0.0002836877322148185, 0.06427240912719501]
K: [1537.8378707434915, 0.0, 636.6906968278853, 0.0, 1537.0378555241177, 514.1030368755703, 0.0, 0.0, 1.0]
R: [0.9978399164971813, 0.0005468022071338681, -0.06569019753543527, -0.00046922530458163415, 0.999999174258593, 0.0011963735811899205, 0.0656907974720339, -0.001162965811407392, 0.9978393491128769]
P: [1446.384783714156, 0.0, 752.7080206772298, -146.80361981337373, 0.0, 1446.384783714156, 515.8360558352557, 0.0, 0.0, 0.0, 1.0, 0.0]
binning_x: 0
binning_y: 0
roi: 
  x_offset: 0
  y_offset: 0
  height: 0
  width: 0
  do_rectify: False
